age,year,total_positive,total_negative,total_known,total_cases,Observed_Probability_Positive,Observed_Probability_Negative,Estimated_Positive,Estimated_Negative
40,1991,5487,1919,7406,8142,0.740885768,0.259114232,6032,2110
40,1992,120,75,195,248,0.615384615,0.384615385,153,95
40,1993,128,71,199,247,0.64321608,0.35678392,159,88
40,1994,141,69,210,253,0.671428571,0.328571429,170,83
40,1995,116,72,188,235,0.617021277,0.382978723,145,90
40,1996,134,83,217,273,0.617511521,0.382488479,169,104
40,1997,140,72,212,257,0.660377358,0.339622642,170,87
40,1998,177,71,248,298,0.713709677,0.286290323,213,85
40,1999,162,61,223,284,0.726457399,0.273542601,206,78
40,2000,153,77,230,277,0.665217391,0.334782609,184,93
40,2001,161,81,242,286,0.665289256,0.334710744,190,96
40,2002,182,80,262,295,0.694656489,0.305343511,205,90
40,2003,173,80,253,276,0.683794466,0.316205534,189,87
40,2004,173,76,249,266,0.694779116,0.305220884,185,81
40,2005,187,72,259,282,0.722007722,0.277992278,204,78
40,2006,183,81,264,279,0.693181818,0.306818182,193,86
40,2007,203,63,266,286,0.763157895,0.236842105,218,68
40,2008,183,66,249,263,0.734939759,0.265060241,193,70
40,2009,215,61,276,295,0.778985507,0.221014493,230,65
40,2010,226,62,288,302,0.784722222,0.215277778,237,65
40,2011,236,68,304,321,0.776315789,0.223684211,249,72
40,2012,212,52,264,271,0.803030303,0.196969697,218,53
40,2013,205,50,255,261,0.803921569,0.196078431,210,51
40,2014,218,49,267,272,0.816479401,0.183520599,222,50
40,2015,233,58,291,296,0.800687285,0.199312715,237,59
40,2016,225,50,275,281,0.818181818,0.181818182,230,51
40,2017,219,50,269,271,0.814126394,0.185873606,221,50
40,2018,240,71,311,314,0.77170418,0.22829582,242,72
40,2019,293,59,352,357,0.832386364,0.167613636,297,60
40,2020,249,39,288,296,0.864583333,0.135416667,256,40
41,1991,5654,1976,7630,8411,0.74102228,0.25897772,6233,2178
41,1992,120,77,197,260,0.609137056,0.390862944,158,102
41,1993,125,68,193,248,0.647668394,0.352331606,161,87
41,1994,130,87,217,278,0.599078341,0.400921659,167,111
41,1995,142,71,213,280,0.666666667,0.333333333,187,93
41,1996,148,85,233,288,0.635193133,0.364806867,183,105
41,1997,144,80,224,268,0.642857143,0.357142857,172,96
41,1998,155,90,245,289,0.632653061,0.367346939,183,106
41,1999,159,63,222,269,0.716216216,0.283783784,193,76
41,2000,175,78,253,296,0.691699605,0.308300395,205,91
41,2001,179,78,257,304,0.696498054,0.303501946,212,92
41,2002,175,69,244,287,0.717213115,0.282786885,206,81
41,2003,170,73,243,277,0.699588477,0.300411523,194,83
41,2004,189,83,272,289,0.694852941,0.305147059,201,88
41,2005,216,72,288,315,0.75,0.25,236,79
41,2006,172,64,236,256,0.728813559,0.271186441,187,69
41,2007,224,64,288,298,0.777777778,0.222222222,232,66
41,2008,206,82,288,296,0.715277778,0.284722222,212,84
41,2009,197,76,273,282,0.721611722,0.278388278,203,79
41,2010,215,62,277,290,0.776173285,0.223826715,225,65
41,2011,249,66,315,325,0.79047619,0.20952381,257,68
41,2012,244,50,294,302,0.829931973,0.170068027,251,51
41,2013,222,57,279,288,0.795698925,0.204301075,229,59
41,2014,229,53,282,289,0.812056738,0.187943262,235,54
41,2015,213,54,267,272,0.797752809,0.202247191,217,55
41,2016,242,52,294,296,0.823129252,0.176870748,244,52
41,2017,253,53,306,314,0.826797386,0.173202614,260,54
41,2018,266,59,325,337,0.818461538,0.181538462,276,61
41,2019,275,55,330,337,0.833333333,0.166666667,281,56
41,2020,220,55,275,281,0.8,0.2,225,56
42,1991,6360,2115,8475,9400,0.750442478,0.249557522,7054,2346
42,1992,145,93,238,303,0.609243697,0.390756303,185,118
42,1993,119,100,219,289,0.543378995,0.456621005,157,132
42,1994,151,88,239,299,0.631799163,0.368200837,189,110
42,1995,132,64,196,243,0.673469388,0.326530612,164,79
42,1996,167,82,249,311,0.670682731,0.329317269,209,102
42,1997,199,78,277,340,0.718411552,0.281588448,244,96
42,1998,210,85,295,355,0.711864407,0.288135593,253,102
42,1999,152,85,237,297,0.641350211,0.358649789,190,107
42,2000,191,55,246,300,0.776422764,0.223577236,233,67
42,2001,216,74,290,342,0.744827586,0.255172414,255,87
42,2002,213,79,292,342,0.729452055,0.270547945,249,93
42,2003,213,91,304,361,0.700657895,0.299342105,253,108
42,2004,237,112,349,383,0.679083095,0.320916905,260,123
42,2005,230,86,316,342,0.727848101,0.272151899,249,93
42,2006,251,71,322,336,0.779503106,0.220496894,262,74
42,2007,254,76,330,346,0.76969697,0.23030303,266,80
42,2008,255,78,333,344,0.765765766,0.234234234,263,81
42,2009,231,66,297,309,0.777777778,0.222222222,240,69
42,2010,223,71,294,305,0.758503401,0.241496599,231,74
42,2011,295,70,365,375,0.808219178,0.191780822,303,72
42,2012,232,72,304,315,0.763157895,0.236842105,240,75
42,2013,266,69,335,344,0.794029851,0.205970149,273,71
42,2014,253,73,326,343,0.77607362,0.22392638,266,77
42,2015,252,57,309,314,0.815533981,0.184466019,256,58
42,2016,233,46,279,289,0.835125448,0.164874552,241,48
42,2017,266,60,326,336,0.81595092,0.18404908,274,62
42,2018,269,51,320,329,0.840625,0.159375,277,52
42,2019,262,38,300,310,0.873333333,0.126666667,271,39
42,2020,243,45,288,298,0.84375,0.15625,251,47
43,1991,7055,2284,9339,10329,0.755434201,0.244565799,7803,2526
43,1992,130,93,223,313,0.582959641,0.417040359,182,131
43,1993,140,86,226,292,0.619469027,0.380530973,181,111
43,1994,165,94,259,321,0.637065637,0.362934363,204,117
43,1995,179,87,266,342,0.672932331,0.327067669,230,112
43,1996,178,95,273,349,0.652014652,0.347985348,228,121
43,1997,160,85,245,308,0.653061224,0.346938776,201,107
43,1998,205,102,307,377,0.667752443,0.332247557,252,125
43,1999,194,92,286,355,0.678321678,0.321678322,241,114
43,2000,231,75,306,359,0.754901961,0.245098039,271,88
43,2001,218,81,299,359,0.72909699,0.27090301,262,97
43,2002,214,85,299,349,0.715719064,0.284280936,250,99
43,2003,259,79,338,378,0.766272189,0.233727811,290,88
43,2004,252,109,361,396,0.698060942,0.301939058,276,120
43,2005,267,87,354,369,0.754237288,0.245762712,278,91
43,2006,270,88,358,389,0.754189944,0.245810056,293,96
43,2007,301,79,380,404,0.792105263,0.207894737,320,84
43,2008,288,69,357,370,0.806722689,0.193277311,298,72
43,2009,275,68,343,356,0.801749271,0.198250729,285,71
43,2010,259,69,328,338,0.789634146,0.210365854,267,71
43,2011,257,73,330,346,0.778787879,0.221212121,269,77
43,2012,275,76,351,362,0.783475783,0.216524217,284,78
43,2013,287,90,377,386,0.76127321,0.23872679,294,92
43,2014,314,66,380,387,0.826315789,0.173684211,320,67
43,2015,294,65,359,362,0.818941504,0.181058496,296,66
43,2016,282,57,339,342,0.831858407,0.168141593,284,58
43,2017,267,54,321,329,0.831775701,0.168224299,274,55
43,2018,277,68,345,352,0.802898551,0.197101449,283,69
43,2019,313,43,356,361,0.879213483,0.120786517,317,44
43,2020,304,69,373,378,0.815013405,0.184986595,308,70
44,1991,8009,2420,10429,11522,0.767954742,0.232045258,8848,2674
44,1992,145,78,223,311,0.650224215,0.349775785,202,109
44,1993,185,88,273,354,0.677655678,0.322344322,240,114
44,1994,189,92,281,355,0.672597865,0.327402135,239,116
44,1995,186,117,303,375,0.613861386,0.386138614,230,145
44,1996,191,98,289,359,0.660899654,0.339100346,237,122
44,1997,221,90,311,382,0.710610932,0.289389068,271,111
44,1998,255,89,344,413,0.74127907,0.25872093,306,107
44,1999,240,93,333,402,0.720720721,0.279279279,290,112
44,2000,257,87,344,408,0.747093023,0.252906977,305,103
44,2001,265,84,349,393,0.759312321,0.240687679,298,95
44,2002,229,109,338,413,0.677514793,0.322485207,280,133
44,2003,284,105,389,436,0.730077121,0.269922879,318,118
44,2004,253,97,350,385,0.722857143,0.277142857,278,107
44,2005,287,100,387,413,0.741602067,0.258397933,306,107
44,2006,306,92,398,422,0.768844221,0.231155779,324,98
44,2007,304,99,403,428,0.754342432,0.245657568,323,105
44,2008,289,82,371,393,0.778975741,0.221024259,306,87
44,2009,343,90,433,446,0.792147806,0.207852194,353,93
44,2010,324,58,382,397,0.848167539,0.151832461,337,60
44,2011,311,68,379,391,0.820580475,0.179419525,321,70
44,2012,300,72,372,384,0.806451613,0.193548387,310,74
44,2013,315,62,377,390,0.835543767,0.164456233,326,64
44,2014,336,78,414,426,0.811594203,0.188405797,346,80
44,2015,361,59,420,431,0.85952381,0.14047619,370,61
44,2016,331,76,407,413,0.813267813,0.186732187,336,77
44,2017,323,73,396,406,0.815656566,0.184343434,331,75
44,2018,334,51,385,399,0.867532468,0.132467532,346,53
44,2019,316,67,383,393,0.825065274,0.174934726,324,69
44,2020,329,66,395,404,0.832911392,0.167088608,336,68
45,1991,9022,2568,11590,12767,0.778429681,0.221570319,9938,2829
45,1992,187,100,287,392,0.651567944,0.348432056,255,137
45,1993,195,112,307,398,0.635179153,0.364820847,253,145
45,1994,196,89,285,364,0.687719298,0.312280702,250,114
45,1995,196,83,279,364,0.702508961,0.297491039,256,108
45,1996,217,94,311,403,0.697749196,0.302250804,281,122
45,1997,213,87,300,379,0.71,0.29,269,110
45,1998,247,93,340,412,0.726470588,0.273529412,299,113
45,1999,269,78,347,424,0.775216138,0.224783862,329,95
45,2000,298,104,402,463,0.741293532,0.258706468,343,120
45,2001,269,96,365,426,0.736986301,0.263013699,314,112
45,2002,280,109,389,453,0.719794344,0.280205656,326,127
45,2003,317,93,410,470,0.773170732,0.226829268,363,107
45,2004,327,107,434,476,0.753456221,0.246543779,359,117
45,2005,331,101,432,453,0.766203704,0.233796296,347,106
45,2006,386,118,504,514,0.765873016,0.234126984,394,120
45,2007,333,80,413,427,0.8062954,0.1937046,344,83
45,2008,373,103,476,502,0.783613445,0.216386555,393,109
45,2009,361,95,456,469,0.791666667,0.208333333,371,98
45,2010,365,71,436,459,0.837155963,0.162844037,384,75
45,2011,334,77,411,424,0.812652068,0.187347932,345,79
45,2012,323,72,395,405,0.817721519,0.182278481,331,74
45,2013,353,73,426,439,0.828638498,0.171361502,364,75
45,2014,352,75,427,434,0.824355972,0.175644028,358,76
45,2015,414,92,506,519,0.818181818,0.181818182,425,94
45,2016,387,79,466,475,0.830472103,0.169527897,394,81
45,2017,376,73,449,460,0.837416481,0.162583519,385,75
45,2018,374,76,450,459,0.831111111,0.168888889,381,78
45,2019,407,68,475,483,0.856842105,0.143157895,414,69
45,2020,342,70,412,421,0.830097087,0.169902913,349,72
46,1991,9557,2753,12310,13578,0.776360682,0.223639318,10541,3037
46,1992,165,96,261,342,0.632183908,0.367816092,216,126
46,1993,215,135,350,438,0.614285714,0.385714286,269,169
46,1994,213,97,310,392,0.687096774,0.312903226,269,123
46,1995,207,94,301,375,0.687707641,0.312292359,258,117
46,1996,231,85,316,403,0.731012658,0.268987342,295,108
46,1997,310,110,420,506,0.738095238,0.261904762,373,133
46,1998,269,105,374,450,0.719251337,0.280748663,324,126
46,1999,289,106,395,479,0.73164557,0.26835443,350,129
46,2000,291,107,398,477,0.731155779,0.268844221,349,128
46,2001,309,97,406,477,0.761083744,0.238916256,363,114
46,2002,284,115,399,457,0.711779449,0.288220551,325,132
46,2003,295,117,412,472,0.716019417,0.283980583,338,134
46,2004,352,110,462,500,0.761904762,0.238095238,381,119
46,2005,336,110,446,480,0.753363229,0.246636771,362,118
46,2006,303,103,406,439,0.746305419,0.253694581,328,111
46,2007,406,107,513,538,0.791423002,0.208576998,426,112
46,2008,386,102,488,512,0.790983607,0.209016393,405,107
46,2009,405,91,496,518,0.816532258,0.183467742,423,95
46,2010,363,81,444,464,0.817567568,0.182432432,379,85
46,2011,392,87,479,497,0.818371608,0.181628392,407,90
46,2012,382,79,461,482,0.828633406,0.171366594,399,83
46,2013,403,76,479,496,0.841336117,0.158663883,417,79
46,2014,374,75,449,469,0.832962138,0.167037862,391,78
46,2015,381,88,469,480,0.812366738,0.187633262,390,90
46,2016,397,79,476,489,0.834033613,0.165966387,408,81
46,2017,440,90,530,546,0.830188679,0.169811321,453,93
46,2018,404,69,473,485,0.854122622,0.145877378,414,71
46,2019,377,73,450,456,0.837777778,0.162222222,382,74
46,2020,378,69,447,459,0.845637584,0.154362416,388,71
47,1991,10399,2774,13173,14469,0.789417748,0.210582252,11422,3047
47,1992,196,79,275,352,0.712727273,0.287272727,251,101
47,1993,215,72,287,384,0.74912892,0.25087108,288,96
47,1994,264,122,386,463,0.683937824,0.316062176,317,146
47,1995,246,116,362,461,0.679558011,0.320441989,313,148
47,1996,227,98,325,411,0.698461538,0.301538462,287,124
47,1997,245,104,349,420,0.702005731,0.297994269,295,125
47,1998,280,119,399,494,0.701754386,0.298245614,347,147
47,1999,268,116,384,464,0.697916667,0.302083333,324,140
47,2000,328,100,428,510,0.76635514,0.23364486,391,119
47,2001,307,110,417,495,0.736211031,0.263788969,364,131
47,2002,323,99,422,495,0.765402844,0.234597156,379,116
47,2003,335,99,434,480,0.771889401,0.228110599,371,109
47,2004,365,115,480,526,0.760416667,0.239583333,400,126
47,2005,374,103,477,508,0.784067086,0.215932914,398,110
47,2006,404,103,507,540,0.796844181,0.203155819,430,110
47,2007,428,114,542,571,0.789667897,0.210332103,451,120
47,2008,396,100,496,517,0.798387097,0.201612903,413,104
47,2009,459,98,557,587,0.824057451,0.175942549,484,103
47,2010,440,85,525,549,0.838095238,0.161904762,460,89
47,2011,414,96,510,533,0.811764706,0.188235294,433,100
47,2012,465,75,540,555,0.861111111,0.138888889,478,77
47,2013,426,82,508,520,0.838582677,0.161417323,436,84
47,2014,370,91,461,472,0.802603037,0.197396963,379,93
47,2015,372,74,446,457,0.834080717,0.165919283,381,76
47,2016,445,83,528,534,0.84280303,0.15719697,450,84
47,2017,470,88,558,568,0.842293907,0.157706093,478,90
47,2018,441,90,531,542,0.830508475,0.169491525,450,92
47,2019,479,70,549,560,0.872495446,0.127504554,489,71
47,2020,417,73,490,501,0.851020408,0.148979592,426,75
48,1991,11001,2875,13876,15185,0.792807726,0.207192274,12039,3146
48,1992,192,102,294,375,0.653061224,0.346938776,245,130
48,1993,198,114,312,402,0.634615385,0.365384615,255,147
48,1994,215,70,285,362,0.754385965,0.245614035,273,89
48,1995,252,125,377,476,0.668435013,0.331564987,318,158
48,1996,260,104,364,447,0.714285714,0.285714286,319,128
48,1997,291,112,403,515,0.722084367,0.277915633,372,143
48,1998,296,119,415,486,0.713253012,0.286746988,347,139
48,1999,293,93,386,480,0.759067358,0.240932642,364,116
48,2000,316,111,427,508,0.740046838,0.259953162,376,132
48,2001,357,115,472,549,0.756355932,0.243644068,415,134
48,2002,346,102,448,530,0.772321429,0.227678571,409,121
48,2003,333,98,431,488,0.77262181,0.22737819,377,111
48,2004,361,123,484,522,0.745867769,0.254132231,389,133
48,2005,388,103,491,521,0.790224033,0.209775967,412,109
48,2006,414,106,520,553,0.796153846,0.203846154,440,113
48,2007,435,114,549,578,0.792349727,0.207650273,458,120
48,2008,439,87,526,550,0.83460076,0.16539924,459,91
48,2009,470,104,574,592,0.818815331,0.181184669,485,107
48,2010,480,105,585,605,0.820512821,0.179487179,496,109
48,2011,443,103,546,564,0.811355311,0.188644689,458,106
48,2012,460,85,545,557,0.844036697,0.155963303,470,87
48,2013,472,88,560,571,0.842857143,0.157142857,481,90
48,2014,464,77,541,553,0.85767098,0.14232902,474,79
48,2015,458,80,538,550,0.851301115,0.148698885,468,82
48,2016,462,89,551,561,0.838475499,0.161524501,470,91
48,2017,462,91,553,558,0.835443038,0.164556962,466,92
48,2018,495,82,577,588,0.857885615,0.142114385,504,84
48,2019,512,95,607,618,0.843492586,0.156507414,521,97
48,2020,437,78,515,526,0.848543689,0.151456311,446,80
49,1991,11213,3054,14267,15701,0.785939581,0.214060419,12340,3361
49,1992,213,96,309,408,0.689320388,0.310679612,281,127
49,1993,187,84,271,358,0.6900369,0.3099631,247,111
49,1994,203,96,299,373,0.678929766,0.321070234,253,120
49,1995,225,97,322,420,0.698757764,0.301242236,293,127
49,1996,320,135,455,581,0.703296703,0.296703297,409,172
49,1997,297,136,433,538,0.68591224,0.31408776,369,169
49,1998,349,112,461,542,0.757049892,0.242950108,410,132
49,1999,328,106,434,537,0.755760369,0.244239631,406,131
49,2000,321,110,431,510,0.744779582,0.255220418,380,130
49,2001,335,114,449,532,0.74610245,0.25389755,397,135
49,2002,332,112,444,529,0.747747748,0.252252252,396,133
49,2003,343,109,452,513,0.758849558,0.241150442,389,124
49,2004,369,127,496,533,0.743951613,0.256048387,397,136
49,2005,420,133,553,589,0.759493671,0.240506329,447,142
49,2006,414,123,537,575,0.770949721,0.229050279,443,132
49,2007,454,112,566,600,0.802120141,0.197879859,481,119
49,2008,431,135,566,591,0.761484099,0.238515901,450,141
49,2009,463,97,560,587,0.826785714,0.173214286,485,102
49,2010,445,92,537,550,0.82867784,0.17132216,456,94
49,2011,463,104,567,589,0.816578483,0.183421517,481,108
49,2012,428,96,524,537,0.816793893,0.183206107,439,98
49,2013,493,97,590,602,0.83559322,0.16440678,503,99
49,2014,486,86,572,586,0.84965035,0.15034965,498,88
49,2015,515,97,612,619,0.841503268,0.158496732,521,98
49,2016,425,85,510,527,0.833333333,0.166666667,439,88
49,2017,466,96,562,575,0.829181495,0.170818505,477,98
49,2018,529,85,614,628,0.861563518,0.138436482,541,87
49,2019,495,99,594,609,0.833333333,0.166666667,508,102
49,2020,464,83,547,563,0.848263254,0.151736746,478,85
50,1991,11707,3171,14878,16317,0.786866514,0.213133486,12839,3478
50,1992,202,79,281,369,0.71886121,0.28113879,265,104
50,1993,204,112,316,408,0.64556962,0.35443038,263,145
50,1994,236,112,348,449,0.67816092,0.32183908,304,145
50,1995,265,98,363,471,0.730027548,0.269972452,344,127
50,1996,260,108,368,445,0.706521739,0.293478261,314,131
50,1997,348,119,467,582,0.745182013,0.254817987,434,148
50,1998,322,137,459,545,0.701525054,0.298474946,382,163
50,1999,363,105,468,553,0.775641026,0.224358974,429,124
50,2000,314,109,423,512,0.742316785,0.257683215,380,132
50,2001,328,119,447,535,0.733780761,0.266219239,393,142
50,2002,320,116,436,514,0.733944954,0.266055046,377,137
50,2003,343,115,458,526,0.748908297,0.251091703,394,132
50,2004,383,135,518,560,0.739382239,0.260617761,414,146
50,2005,401,154,555,592,0.722522523,0.277477477,428,164
50,2006,416,121,537,566,0.774674115,0.225325885,438,128
50,2007,473,119,592,622,0.798986486,0.201013514,497,125
50,2008,480,114,594,619,0.808080808,0.191919192,500,119
50,2009,473,122,595,621,0.794957983,0.205042017,494,127
50,2010,503,112,615,631,0.817886179,0.182113821,516,115
50,2011,534,101,635,649,0.840944882,0.159055118,546,103
50,2012,468,97,565,584,0.828318584,0.171681416,484,100
50,2013,496,106,602,616,0.823920266,0.176079734,508,108
50,2014,491,98,589,607,0.833616299,0.166383701,506,101
50,2015,519,101,620,638,0.837096774,0.162903226,534,104
50,2016,482,88,570,592,0.845614035,0.154385965,501,91
50,2017,484,91,575,592,0.84173913,0.15826087,498,94
50,2018,527,82,609,622,0.865353038,0.134646962,538,84
50,2019,576,100,676,683,0.852071006,0.147928994,582,101
50,2020,496,101,597,614,0.830820771,0.169179229,510,104
51,1991,11485,3174,14659,16087,0.783477727,0.216522273,12604,3483
51,1992,201,75,276,360,0.72826087,0.27173913,262,98
51,1993,180,98,278,382,0.647482014,0.352517986,247,135
51,1994,218,100,318,422,0.685534591,0.314465409,289,133
51,1995,259,106,365,442,0.709589041,0.290410959,314,128
51,1996,290,111,401,480,0.72319202,0.27680798,347,133
51,1997,278,98,376,467,0.739361702,0.260638298,345,122
51,1998,363,137,500,607,0.726,0.274,441,166
51,1999,375,150,525,639,0.714285714,0.285714286,456,183
51,2000,338,103,441,526,0.766439909,0.233560091,403,123
51,2001,337,80,417,485,0.808153477,0.191846523,392,93
51,2002,384,132,516,581,0.744186047,0.255813953,432,149
51,2003,377,113,490,557,0.769387755,0.230612245,429,128
51,2004,394,129,523,572,0.75334608,0.24665392,431,141
51,2005,396,128,524,566,0.755725191,0.244274809,428,138
51,2006,392,127,519,548,0.755298651,0.244701349,414,134
51,2007,400,124,524,550,0.763358779,0.236641221,420,130
51,2008,450,140,590,610,0.762711864,0.237288136,465,145
51,2009,457,104,561,577,0.814616756,0.185383244,470,107
51,2010,455,113,568,591,0.801056338,0.198943662,473,118
51,2011,489,109,598,620,0.817725753,0.182274247,507,113
51,2012,522,111,633,643,0.82464455,0.17535545,530,113
51,2013,511,95,606,625,0.843234323,0.156765677,527,98
51,2014,513,104,617,642,0.831442464,0.168557536,534,108
51,2015,520,119,639,662,0.813771518,0.186228482,539,123
51,2016,500,96,596,608,0.838926174,0.161073826,510,98
51,2017,497,89,586,602,0.848122867,0.151877133,511,91
51,2018,463,85,548,570,0.844890511,0.155109489,482,88
51,2019,469,99,568,581,0.825704225,0.174295775,480,101
51,2020,457,99,556,572,0.821942446,0.178057554,470,102
52,1991,11481,3264,14745,16120,0.778636826,0.221363174,12552,3568
52,1992,154,69,223,312,0.69058296,0.30941704,215,97
52,1993,196,87,283,375,0.692579505,0.307420495,260,115
52,1994,219,101,320,398,0.684375,0.315625,272,126
52,1995,269,100,369,457,0.72899729,0.27100271,333,124
52,1996,282,119,401,485,0.703241895,0.296758105,341,144
52,1997,298,78,376,449,0.792553191,0.207446809,356,93
52,1998,304,112,416,504,0.730769231,0.269230769,368,136
52,1999,409,138,547,637,0.747714808,0.252285192,476,161
52,2000,361,131,492,594,0.733739837,0.266260163,436,158
52,2001,352,106,458,530,0.768558952,0.231441048,407,123
52,2002,367,121,488,560,0.75204918,0.24795082,421,139
52,2003,344,125,469,524,0.73347548,0.26652452,384,140
52,2004,363,144,507,550,0.715976331,0.284023669,394,156
52,2005,430,144,574,609,0.74912892,0.25087108,456,153
52,2006,402,133,535,559,0.751401869,0.248598131,420,139
52,2007,406,131,537,564,0.756052142,0.243947858,426,138
52,2008,427,125,552,586,0.773550725,0.226449275,453,133
52,2009,468,127,595,619,0.786554622,0.213445378,487,132
52,2010,473,115,588,614,0.804421769,0.195578231,494,120
52,2011,483,124,607,624,0.795716639,0.204283361,497,127
52,2012,459,102,561,587,0.818181818,0.181818182,480,107
52,2013,517,113,630,639,0.820634921,0.179365079,524,115
52,2014,536,126,662,680,0.809667674,0.190332326,551,129
52,2015,508,110,618,634,0.822006472,0.177993528,521,113
52,2016,527,98,625,649,0.8432,0.1568,547,102
52,2017,466,101,567,580,0.821869489,0.178130511,477,103
52,2018,451,84,535,550,0.842990654,0.157009346,464,86
52,2019,576,113,689,714,0.835994194,0.164005806,597,117
52,2020,434,87,521,537,0.833013436,0.166986564,447,90
53,1991,11502,3249,14751,16119,0.779743746,0.220256254,12569,3550
53,1992,176,95,271,360,0.649446494,0.350553506,234,126
53,1993,191,80,271,339,0.704797048,0.295202952,239,100
53,1994,229,75,304,390,0.753289474,0.246710526,294,96
53,1995,193,89,282,372,0.684397163,0.315602837,255,117
53,1996,287,111,398,466,0.721105528,0.278894472,336,130
53,1997,297,112,409,493,0.726161369,0.273838631,358,135
53,1998,274,98,372,463,0.73655914,0.26344086,341,122
53,1999,347,97,444,535,0.781531532,0.218468468,418,117
53,2000,388,128,516,603,0.751937984,0.248062016,453,150
53,2001,397,114,511,605,0.776908023,0.223091977,470,135
53,2002,359,125,484,549,0.741735537,0.258264463,407,142
53,2003,369,110,479,549,0.770354906,0.229645094,423,126
53,2004,361,154,515,555,0.700970874,0.299029126,389,166
53,2005,400,136,536,565,0.746268657,0.253731343,422,143
53,2006,423,115,538,579,0.786245353,0.213754647,455,124
53,2007,422,118,540,573,0.781481481,0.218518519,448,125
53,2008,455,141,596,617,0.763422819,0.236577181,471,146
53,2009,492,124,616,650,0.798701299,0.201298701,519,131
53,2010,441,114,555,576,0.794594595,0.205405405,458,118
53,2011,480,121,601,622,0.798668885,0.201331115,497,125
53,2012,471,113,584,604,0.806506849,0.193493151,487,117
53,2013,473,114,587,602,0.805792164,0.194207836,485,117
53,2014,524,110,634,648,0.826498423,0.173501577,536,112
53,2015,501,127,628,645,0.797770701,0.202229299,515,130
53,2016,568,126,694,712,0.818443804,0.181556196,583,129
53,2017,528,123,651,675,0.811059908,0.188940092,547,128
53,2018,503,71,574,586,0.87630662,0.12369338,514,72
53,2019,502,100,602,614,0.833887043,0.166112957,512,102
53,2020,451,108,559,572,0.806797853,0.193202147,461,111
54,1991,11741,3315,15056,16481,0.779821998,0.220178002,12852,3629
54,1992,174,82,256,362,0.6796875,0.3203125,246,116
54,1993,191,78,269,367,0.710037175,0.289962825,261,106
54,1994,223,81,304,391,0.733552632,0.266447368,287,104
54,1995,226,70,296,388,0.763513514,0.236486486,296,92
54,1996,273,95,368,460,0.741847826,0.258152174,341,119
54,1997,325,91,416,483,0.78125,0.21875,377,106
54,1998,328,118,446,532,0.735426009,0.264573991,391,141
54,1999,329,97,426,499,0.772300469,0.227699531,385,114
54,2000,326,107,433,536,0.752886836,0.247113164,404,132
54,2001,427,132,559,633,0.763864043,0.236135957,484,149
54,2002,448,132,580,663,0.772413793,0.227586207,512,151
54,2003,339,148,487,556,0.696098563,0.303901437,387,169
54,2004,367,135,502,542,0.731075697,0.268924303,396,146
54,2005,377,133,510,555,0.739215686,0.260784314,410,145
54,2006,395,127,522,560,0.756704981,0.243295019,424,136
54,2007,422,139,561,591,0.752228164,0.247771836,445,146
54,2008,456,117,573,589,0.795811518,0.204188482,469,120
54,2009,469,141,610,637,0.768852459,0.231147541,490,147
54,2010,492,112,604,624,0.814569536,0.185430464,508,116
54,2011,534,125,659,676,0.810318665,0.189681335,548,128
54,2012,522,127,649,665,0.80431433,0.19568567,535,130
54,2013,526,129,655,675,0.803053435,0.196946565,542,133
54,2014,504,133,637,658,0.791208791,0.208791209,521,137
54,2015,529,129,658,677,0.803951368,0.196048632,544,133
54,2016,520,115,635,648,0.818897638,0.181102362,531,117
54,2017,532,102,634,656,0.839116719,0.160883281,550,106
54,2018,567,120,687,705,0.825327511,0.174672489,582,123
54,2019,492,102,594,607,0.828282828,0.171717172,503,104
54,2020,428,98,526,546,0.813688213,0.186311787,444,102
55,1991,11671,3302,14973,16364,0.779469712,0.220530288,12755,3609
55,1992,184,74,258,318,0.713178295,0.286821705,227,91
55,1993,184,85,269,342,0.68401487,0.31598513,234,108
55,1994,238,90,328,408,0.725609756,0.274390244,296,112
55,1995,226,88,314,411,0.719745223,0.280254777,296,115
55,1996,269,100,369,438,0.72899729,0.27100271,319,119
55,1997,274,109,383,481,0.7154047,0.2845953,344,137
55,1998,330,112,442,535,0.746606335,0.253393665,399,136
55,1999,356,102,458,535,0.777292576,0.222707424,416,119
55,2000,371,113,484,570,0.766528926,0.233471074,437,133
55,2001,352,98,450,543,0.782222222,0.217777778,425,118
55,2002,444,132,576,659,0.770833333,0.229166667,508,151
55,2003,393,114,507,585,0.775147929,0.224852071,453,132
55,2004,423,139,562,611,0.752669039,0.247330961,460,151
55,2005,397,139,536,563,0.740671642,0.259328358,417,146
55,2006,349,142,491,516,0.710794297,0.289205703,367,149
55,2007,436,140,576,619,0.756944444,0.243055556,469,150
55,2008,477,129,606,633,0.787128713,0.212871287,498,135
55,2009,465,130,595,611,0.781512605,0.218487395,478,133
55,2010,479,137,616,635,0.777597403,0.222402597,494,141
55,2011,467,118,585,603,0.798290598,0.201709402,481,122
55,2012,510,112,622,644,0.819935691,0.180064309,528,116
55,2013,462,108,570,587,0.810526316,0.189473684,476,111
55,2014,513,108,621,636,0.826086957,0.173913043,525,111
55,2015,531,106,637,653,0.833594976,0.166405024,544,109
55,2016,506,114,620,641,0.816129032,0.183870968,523,118
55,2017,529,126,655,687,0.807633588,0.192366412,555,132
55,2018,548,112,660,685,0.83030303,0.16969697,569,116
55,2019,528,124,652,664,0.809815951,0.190184049,538,126
55,2020,430,101,531,551,0.809792844,0.190207156,446,105
56,1991,12108,3108,15216,16591,0.795741325,0.204258675,13202,3389
56,1992,187,60,247,314,0.75708502,0.24291498,238,76
56,1993,190,70,260,348,0.730769231,0.269230769,254,94
56,1994,223,98,321,398,0.69470405,0.30529595,276,122
56,1995,236,82,318,387,0.742138365,0.257861635,287,100
56,1996,249,92,341,414,0.730205279,0.269794721,302,112
56,1997,281,89,370,456,0.759459459,0.240540541,346,110
56,1998,329,89,418,498,0.78708134,0.21291866,392,106
56,1999,389,126,515,612,0.755339806,0.244660194,462,150
56,2000,351,103,454,542,0.773127753,0.226872247,419,123
56,2001,354,105,459,545,0.77124183,0.22875817,420,125
56,2002,422,108,530,606,0.796226415,0.203773585,483,123
56,2003,403,127,530,621,0.760377358,0.239622642,472,149
56,2004,378,119,497,550,0.76056338,0.23943662,418,132
56,2005,417,110,527,561,0.791271347,0.208728653,444,117
56,2006,435,118,553,585,0.786618445,0.213381555,460,125
56,2007,431,134,565,595,0.762831858,0.237168142,454,141
56,2008,469,138,607,628,0.772652389,0.227347611,485,143
56,2009,487,109,596,628,0.817114094,0.182885906,513,115
56,2010,474,102,576,605,0.822916667,0.177083333,498,107
56,2011,477,112,589,613,0.809847199,0.190152801,496,117
56,2012,526,124,650,668,0.809230769,0.190769231,541,127
56,2013,535,103,638,655,0.838557994,0.161442006,549,106
56,2014,537,128,665,679,0.807518797,0.192481203,548,131
56,2015,546,103,649,663,0.841294299,0.158705701,558,105
56,2016,582,119,701,718,0.830242511,0.169757489,596,122
56,2017,569,108,677,697,0.840472674,0.159527326,586,111
56,2018,550,107,657,672,0.837138508,0.162861492,563,109
56,2019,590,108,698,711,0.845272206,0.154727794,601,110
56,2020,491,117,608,622,0.807565789,0.192434211,502,120
57,1991,12246,3246,15492,16840,0.790472502,0.209527498,13312,3528
57,1992,206,73,279,376,0.738351254,0.261648746,278,98
57,1993,191,86,277,350,0.689530686,0.310469314,241,109
57,1994,215,78,293,368,0.733788396,0.266211604,270,98
57,1995,251,83,334,415,0.751497006,0.248502994,312,103
57,1996,234,102,336,410,0.696428571,0.303571429,286,124
57,1997,272,105,377,458,0.721485411,0.278514589,330,128
57,1998,281,85,366,435,0.767759563,0.232240437,334,101
57,1999,379,98,477,555,0.794549266,0.205450734,441,114
57,2000,370,110,480,562,0.770833333,0.229166667,433,129
57,2001,382,116,498,582,0.767068273,0.232931727,446,136
57,2002,396,97,493,562,0.803245436,0.196754564,451,111
57,2003,350,81,431,502,0.812064965,0.187935035,408,94
57,2004,461,130,591,650,0.780033841,0.219966159,507,143
57,2005,406,142,548,577,0.740875912,0.259124088,427,150
57,2006,450,136,586,622,0.767918089,0.232081911,478,144
57,2007,441,133,574,608,0.768292683,0.231707317,467,141
57,2008,469,153,622,640,0.754019293,0.245980707,483,157
57,2009,497,119,616,640,0.806818182,0.193181818,516,124
57,2010,458,111,569,593,0.804920914,0.195079086,477,116
57,2011,493,105,598,620,0.824414716,0.175585284,511,109
57,2012,536,107,643,666,0.833592535,0.166407465,555,111
57,2013,525,121,646,666,0.812693498,0.187306502,541,125
57,2014,543,117,660,680,0.822727273,0.177272727,559,121
57,2015,595,138,733,747,0.811732606,0.188267394,606,141
57,2016,607,117,724,739,0.83839779,0.16160221,620,119
57,2017,548,124,672,691,0.81547619,0.18452381,563,128
57,2018,558,137,695,721,0.802877698,0.197122302,579,142
57,2019,612,123,735,750,0.832653061,0.167346939,624,126
57,2020,520,119,639,655,0.813771518,0.186228482,533,122
58,1991,12568,3066,15634,16995,0.80388896,0.19611104,13662,3333
58,1992,203,57,260,357,0.780769231,0.219230769,279,78
58,1993,220,68,288,351,0.763888889,0.236111111,268,83
58,1994,228,70,298,374,0.765100671,0.234899329,286,88
58,1995,204,86,290,369,0.703448276,0.296551724,260,109
58,1996,264,84,348,430,0.75862069,0.24137931,326,104
58,1997,283,101,384,461,0.736979167,0.263020833,340,121
58,1998,334,97,431,522,0.774941995,0.225058005,405,117
58,1999,318,100,418,493,0.76076555,0.23923445,375,118
58,2000,392,94,486,562,0.806584362,0.193415638,453,109
58,2001,429,84,513,601,0.83625731,0.16374269,503,98
58,2002,365,104,469,558,0.778251599,0.221748401,434,124
58,2003,345,112,457,536,0.754923414,0.245076586,405,131
58,2004,358,123,481,522,0.744282744,0.255717256,389,133
58,2005,501,149,650,692,0.770769231,0.229230769,533,159
58,2006,503,112,615,648,0.817886179,0.182113821,530,118
58,2007,454,98,552,580,0.822463768,0.177536232,477,103
58,2008,484,121,605,634,0.8,0.2,507,127
58,2009,487,113,600,627,0.811666667,0.188333333,509,118
58,2010,500,114,614,644,0.814332248,0.185667752,524,120
58,2011,531,112,643,665,0.825816485,0.174183515,549,116
58,2012,564,118,682,703,0.826979472,0.173020528,581,122
58,2013,554,126,680,691,0.814705882,0.185294118,563,128
58,2014,509,113,622,640,0.818327974,0.181672026,524,116
58,2015,559,112,671,686,0.833084948,0.166915052,571,115
58,2016,602,117,719,736,0.837273992,0.162726008,616,120
58,2017,607,118,725,735,0.837241379,0.162758621,615,120
58,2018,573,116,689,698,0.831640058,0.168359942,580,118
58,2019,665,136,801,819,0.830212235,0.169787765,680,139
58,2020,532,111,643,661,0.827371695,0.172628305,547,114
59,1991,13032,2998,16030,17411,0.812975671,0.187024329,14155,3256
59,1992,218,62,280,367,0.778571429,0.221428571,286,81
59,1993,209,69,278,376,0.751798561,0.248201439,283,93
59,1994,235,81,316,401,0.743670886,0.256329114,298,103
59,1995,244,73,317,408,0.769716088,0.230283912,314,94
59,1996,287,83,370,449,0.775675676,0.224324324,348,101
59,1997,277,94,371,441,0.746630728,0.253369272,329,112
59,1998,328,79,407,482,0.805896806,0.194103194,388,94
59,1999,322,77,399,475,0.807017544,0.192982456,383,92
59,2000,356,57,413,489,0.861985472,0.138014528,422,67
59,2001,359,100,459,555,0.782135076,0.217864924,434,121
59,2002,469,107,576,648,0.814236111,0.185763889,528,120
59,2003,396,76,472,534,0.838983051,0.161016949,448,86
59,2004,374,112,486,528,0.769547325,0.230452675,406,122
59,2005,393,129,522,560,0.752873563,0.247126437,422,138
59,2006,509,129,638,678,0.797805643,0.202194357,541,137
59,2007,487,145,632,664,0.77056962,0.22943038,512,152
59,2008,494,127,621,663,0.795491143,0.204508857,527,136
59,2009,513,117,630,656,0.814285714,0.185714286,534,122
59,2010,563,115,678,697,0.830383481,0.169616519,579,118
59,2011,543,111,654,667,0.830275229,0.169724771,554,113
59,2012,546,118,664,685,0.822289157,0.177710843,563,122
59,2013,588,101,689,708,0.85341074,0.14658926,604,104
59,2014,604,112,716,730,0.843575419,0.156424581,616,114
59,2015,636,115,751,763,0.846870839,0.153129161,646,117
59,2016,631,127,758,786,0.832453826,0.167546174,654,132
59,2017,624,116,740,761,0.843243243,0.156756757,642,119
59,2018,614,120,734,749,0.836512262,0.163487738,627,122
59,2019,622,121,743,756,0.837146703,0.162853297,633,123
59,2020,591,125,716,735,0.825418994,0.174581006,607,128
60,1991,13259,2962,16221,17622,0.817397201,0.182602799,14404,3218
60,1992,238,87,325,422,0.732307692,0.267692308,309,113
60,1993,221,75,296,374,0.746621622,0.253378378,279,95
60,1994,238,75,313,393,0.760383387,0.239616613,299,94
60,1995,246,65,311,403,0.790996785,0.209003215,319,84
60,1996,248,82,330,412,0.751515152,0.248484848,310,102
60,1997,278,81,359,430,0.774373259,0.225626741,333,97
60,1998,303,79,382,455,0.793193717,0.206806283,361,94
60,1999,369,92,461,555,0.800433839,0.199566161,444,111
60,2000,355,76,431,505,0.823665893,0.176334107,416,89
60,2001,359,73,432,510,0.831018519,0.168981481,424,86
60,2002,393,101,494,565,0.795546559,0.204453441,449,116
60,2003,382,128,510,589,0.749019608,0.250980392,441,148
60,2004,404,104,508,556,0.795275591,0.204724409,442,114
60,2005,428,117,545,587,0.785321101,0.214678899,461,126
60,2006,384,120,504,530,0.761904762,0.238095238,404,126
60,2007,538,119,657,696,0.818873668,0.181126332,570,126
60,2008,556,103,659,689,0.84370258,0.15629742,581,108
60,2009,552,103,655,670,0.842748092,0.157251908,565,105
60,2010,546,93,639,665,0.854460094,0.145539906,568,97
60,2011,565,127,692,715,0.816473988,0.183526012,584,131
60,2012,552,123,675,699,0.817777778,0.182222222,572,127
60,2013,605,111,716,736,0.844972067,0.155027933,622,114
60,2014,655,137,792,818,0.827020202,0.172979798,677,141
60,2015,626,128,754,774,0.830238727,0.169761273,643,131
60,2016,684,108,792,811,0.863636364,0.136363636,700,111
60,2017,644,112,756,782,0.851851852,0.148148148,666,116
60,2018,671,121,792,813,0.847222222,0.152777778,689,124
60,2019,656,121,777,793,0.844272844,0.155727156,670,123
60,2020,563,101,664,675,0.847891566,0.152108434,572,103
61,1991,13356,2805,16161,17632,0.826434008,0.173565992,14572,3060
61,1992,248,63,311,417,0.797427653,0.202572347,333,84
61,1993,225,63,288,377,0.78125,0.21875,295,82
61,1994,240,69,309,405,0.776699029,0.223300971,315,90
61,1995,257,66,323,398,0.795665635,0.204334365,317,81
61,1996,240,69,309,396,0.776699029,0.223300971,308,88
61,1997,275,60,335,409,0.820895522,0.179104478,336,73
61,1998,322,70,392,474,0.821428571,0.178571429,389,85
61,1999,314,74,388,470,0.809278351,0.190721649,380,90
61,2000,326,79,405,496,0.804938272,0.195061728,399,97
61,2001,332,79,411,487,0.807785888,0.192214112,393,94
61,2002,366,96,462,535,0.792207792,0.207792208,424,111
61,2003,356,79,435,503,0.818390805,0.181609195,412,91
61,2004,422,116,538,584,0.784386617,0.215613383,458,126
61,2005,406,91,497,532,0.816901408,0.183098592,435,97
61,2006,391,114,505,537,0.774257426,0.225742574,416,121
61,2007,454,100,554,592,0.819494585,0.180505415,485,107
61,2008,578,130,708,730,0.816384181,0.183615819,596,134
61,2009,564,116,680,700,0.829411765,0.170588235,581,119
61,2010,555,110,665,686,0.834586466,0.165413534,573,113
61,2011,606,117,723,746,0.838174274,0.161825726,625,121
61,2012,592,107,699,734,0.846924177,0.153075823,622,112
61,2013,622,105,727,747,0.855570839,0.144429161,639,108
61,2014,642,117,759,779,0.845849802,0.154150198,659,120
61,2015,672,123,795,822,0.845283019,0.154716981,695,127
61,2016,662,121,783,809,0.845466156,0.154533844,684,125
61,2017,678,130,808,830,0.839108911,0.160891089,696,134
61,2018,672,123,795,816,0.845283019,0.154716981,690,126
61,2019,716,113,829,861,0.863691194,0.136308806,744,117
61,2020,623,105,728,760,0.855769231,0.144230769,650,110
62,1991,13419,2817,16236,17682,0.826496674,0.173503326,14614,3068
62,1992,234,76,310,406,0.75483871,0.24516129,306,100
62,1993,259,79,338,429,0.766272189,0.233727811,329,100
62,1994,254,63,317,413,0.80126183,0.19873817,331,82
62,1995,219,63,282,386,0.776595745,0.223404255,300,86
62,1996,267,92,359,445,0.743732591,0.256267409,331,114
62,1997,310,55,365,456,0.849315068,0.150684932,387,69
62,1998,283,84,367,454,0.771117166,0.228882834,350,104
62,1999,298,77,375,447,0.794666667,0.205333333,355,92
62,2000,333,76,409,486,0.814180929,0.185819071,396,90
62,2001,374,97,471,543,0.794055202,0.205944798,431,112
62,2002,370,101,471,533,0.785562633,0.214437367,419,114
62,2003,357,87,444,506,0.804054054,0.195945946,407,99
62,2004,352,96,448,488,0.785714286,0.214285714,383,105
62,2005,423,109,532,561,0.795112782,0.204887218,446,115
62,2006,418,92,510,552,0.819607843,0.180392157,452,100
62,2007,462,111,573,611,0.806282723,0.193717277,493,118
62,2008,484,109,593,617,0.81618887,0.18381113,504,113
62,2009,607,109,716,745,0.847765363,0.152234637,632,113
62,2010,584,114,698,733,0.836676218,0.163323782,613,120
62,2011,621,107,728,758,0.853021978,0.146978022,647,111
62,2012,601,113,714,732,0.841736695,0.158263305,616,116
62,2013,601,115,716,736,0.839385475,0.160614525,618,118
62,2014,623,100,723,746,0.861687414,0.138312586,643,103
62,2015,664,129,793,814,0.837326608,0.162673392,682,132
62,2016,672,115,787,808,0.853875476,0.146124524,690,118
62,2017,691,106,797,818,0.867001255,0.132998745,709,109
62,2018,679,119,798,819,0.850877193,0.149122807,697,122
62,2019,715,107,822,844,0.869829684,0.130170316,734,110
62,2020,664,116,780,796,0.851282051,0.148717949,678,118
63,1991,13617,2722,16339,17792,0.833404737,0.166595263,14828,2964
63,1992,266,73,339,432,0.784660767,0.215339233,339,93
63,1993,235,67,302,406,0.778145695,0.221854305,316,90
63,1994,284,92,376,466,0.755319149,0.244680851,352,114
63,1995,250,74,324,421,0.771604938,0.228395062,325,96
63,1996,257,63,320,400,0.803125,0.196875,321,79
63,1997,283,68,351,433,0.806267806,0.193732194,349,84
63,1998,341,75,416,490,0.819711538,0.180288462,402,88
63,1999,337,69,406,482,0.830049261,0.169950739,400,82
63,2000,304,70,374,456,0.812834225,0.187165775,371,85
63,2001,364,77,441,514,0.825396825,0.174603175,424,90
63,2002,400,73,473,532,0.845665962,0.154334038,450,82
63,2003,297,81,378,457,0.785714286,0.214285714,359,98
63,2004,384,73,457,501,0.840262582,0.159737418,421,80
63,2005,386,100,486,528,0.794238683,0.205761317,419,109
63,2006,463,104,567,607,0.816578483,0.183421517,496,111
63,2007,458,108,566,593,0.809187279,0.190812721,480,113
63,2008,465,116,581,596,0.800344234,0.199655766,477,119
63,2009,539,102,641,666,0.840873635,0.159126365,560,106
63,2010,635,110,745,774,0.852348993,0.147651007,660,114
63,2011,624,112,736,762,0.847826087,0.152173913,646,116
63,2012,604,99,703,731,0.859174964,0.140825036,628,103
63,2013,611,107,718,738,0.85097493,0.14902507,628,110
63,2014,625,103,728,745,0.858516484,0.141483516,640,105
63,2015,704,106,810,838,0.869135802,0.130864198,728,110
63,2016,697,111,808,828,0.862623762,0.137376238,714,114
63,2017,700,127,827,847,0.84643289,0.15356711,717,130
63,2018,734,132,866,902,0.847575058,0.152424942,765,137
63,2019,737,110,847,870,0.87012987,0.12987013,757,113
63,2020,633,120,753,777,0.84063745,0.15936255,653,124
64,1991,13127,2570,15697,17147,0.836274447,0.163725553,14340,2807
64,1992,267,69,336,452,0.794642857,0.205357143,359,93
64,1993,240,64,304,403,0.789473684,0.210526316,318,85
64,1994,280,68,348,427,0.804597701,0.195402299,344,83
64,1995,263,66,329,439,0.799392097,0.200607903,351,88
64,1996,283,65,348,422,0.813218391,0.186781609,343,79
64,1997,297,68,365,442,0.81369863,0.18630137,360,82
64,1998,296,55,351,427,0.843304843,0.156695157,360,67
64,1999,341,68,409,486,0.833740831,0.166259169,405,81
64,2000,326,62,388,486,0.840206186,0.159793814,408,78
64,2001,355,80,435,504,0.816091954,0.183908046,411,93
64,2002,353,66,419,492,0.8424821,0.1575179,415,77
64,2003,315,76,391,454,0.805626598,0.194373402,366,88
64,2004,328,88,416,458,0.788461538,0.211538462,361,97
64,2005,337,104,441,474,0.764172336,0.235827664,362,112
64,2006,401,94,495,518,0.81010101,0.18989899,420,98
64,2007,482,103,585,623,0.823931624,0.176068376,513,110
64,2008,468,101,569,599,0.822495606,0.177504394,493,106
64,2009,502,95,597,621,0.840871022,0.159128978,522,99
64,2010,486,95,581,605,0.836488812,0.163511188,506,99
64,2011,628,131,759,784,0.82740448,0.17259552,649,135
64,2012,617,93,710,738,0.869014085,0.130985915,641,97
64,2013,593,98,691,713,0.858176556,0.141823444,612,101
64,2014,620,93,713,730,0.869565217,0.130434783,635,95
64,2015,637,108,745,779,0.855033557,0.144966443,666,113
64,2016,665,96,761,780,0.873850197,0.126149803,682,98
64,2017,707,116,823,837,0.859052248,0.140947752,719,118
64,2018,689,115,804,829,0.856965174,0.143034826,710,119
64,2019,731,116,847,868,0.863046045,0.136953955,749,119
64,2020,620,117,737,757,0.841248304,0.158751696,637,120
65,1991,14450,2682,17132,18663,0.843450852,0.156549148,15741,2922
65,1992,288,75,363,472,0.79338843,0.20661157,374,98
65,1993,292,91,383,484,0.762402089,0.237597911,369,115
65,1994,285,79,364,453,0.782967033,0.217032967,355,98
65,1995,314,79,393,490,0.798982188,0.201017812,392,98
65,1996,287,66,353,441,0.813031161,0.186968839,359,82
65,1997,325,58,383,476,0.848563969,0.151436031,404,72
65,1998,369,74,443,518,0.832957111,0.167042889,431,87
65,1999,324,53,377,455,0.859416446,0.140583554,391,64
65,2000,340,81,421,500,0.80760095,0.19239905,404,96
65,2001,371,70,441,528,0.841269841,0.158730159,444,84
65,2002,373,82,455,534,0.81978022,0.18021978,438,96
65,2003,313,85,398,474,0.786432161,0.213567839,373,101
65,2004,386,92,478,520,0.807531381,0.192468619,420,100
65,2005,366,94,460,503,0.795652174,0.204347826,400,103
65,2006,393,89,482,519,0.815352697,0.184647303,423,96
65,2007,495,102,597,627,0.829145729,0.170854271,520,107
65,2008,510,121,631,666,0.808240887,0.191759113,538,128
65,2009,516,103,619,650,0.833602585,0.166397415,542,108
65,2010,561,80,641,666,0.875195008,0.124804992,583,83
65,2011,618,95,713,741,0.866760168,0.133239832,642,99
65,2012,733,109,842,865,0.870546318,0.129453682,753,112
65,2013,753,122,875,898,0.860571429,0.139428571,773,125
65,2014,762,100,862,887,0.883990719,0.116009281,784,103
65,2015,718,126,844,876,0.8507109,0.1492891,745,131
65,2016,742,120,862,881,0.860788863,0.139211137,758,123
65,2017,752,115,867,888,0.867358708,0.132641292,770,118
65,2018,760,116,876,905,0.867579909,0.132420091,785,120
65,2019,790,115,905,928,0.872928177,0.127071823,810,118
65,2020,714,90,804,818,0.888059701,0.111940299,726,92
66,1991,13556,2522,16078,17459,0.843139694,0.156860306,14720,2739
66,1992,289,72,361,477,0.800554017,0.199445983,382,95
66,1993,272,71,343,426,0.793002915,0.206997085,338,88
66,1994,282,71,353,466,0.798866856,0.201133144,372,94
66,1995,286,68,354,454,0.807909605,0.192090395,367,87
66,1996,303,92,395,475,0.767088608,0.232911392,364,111
66,1997,318,63,381,468,0.834645669,0.165354331,391,77
66,1998,289,79,368,429,0.785326087,0.214673913,337,92
66,1999,304,67,371,442,0.819407008,0.180592992,362,80
66,2000,324,68,392,465,0.826530612,0.173469388,384,81
66,2001,366,72,438,508,0.835616438,0.164383562,424,84
66,2002,364,80,444,517,0.81981982,0.18018018,424,93
66,2003,283,73,356,416,0.79494382,0.20505618,331,85
66,2004,377,80,457,502,0.824945295,0.175054705,414,88
66,2005,357,77,434,468,0.822580645,0.177419355,385,83
66,2006,398,82,480,505,0.829166667,0.170833333,419,86
66,2007,440,106,546,578,0.805860806,0.194139194,466,112
66,2008,483,99,582,599,0.829896907,0.170103093,497,102
66,2009,531,113,644,680,0.824534161,0.175465839,561,119
66,2010,527,72,599,625,0.879799666,0.120200334,550,75
66,2011,543,86,629,647,0.86327504,0.13672496,559,88
66,2012,621,88,709,724,0.875881523,0.124118477,634,90
66,2013,739,111,850,865,0.869411765,0.130588235,752,113
66,2014,683,97,780,801,0.875641026,0.124358974,701,100
66,2015,700,107,807,831,0.867410161,0.132589839,721,110
66,2016,652,91,743,765,0.877523553,0.122476447,671,94
66,2017,724,114,838,859,0.863961814,0.136038186,742,117
66,2018,682,105,787,805,0.866581957,0.133418043,698,107
66,2019,755,114,869,882,0.86881473,0.13118527,766,116
66,2020,664,104,768,780,0.864583333,0.135416667,674,106
67,1991,13226,2376,15602,17096,0.847711832,0.152288168,14492,2604
67,1992,318,71,389,519,0.81748072,0.18251928,424,95
67,1993,282,67,349,486,0.808022923,0.191977077,393,93
67,1994,288,80,368,451,0.782608696,0.217391304,353,98
67,1995,306,77,383,481,0.798955614,0.201044386,384,97
67,1996,321,63,384,468,0.8359375,0.1640625,391,77
67,1997,327,64,391,484,0.836317136,0.163682864,405,79
67,1998,328,65,393,488,0.834605598,0.165394402,407,81
67,1999,313,54,367,443,0.852861035,0.147138965,378,65
67,2000,311,68,379,462,0.820580475,0.179419525,379,83
67,2001,351,76,427,489,0.822014052,0.177985948,402,87
67,2002,349,58,407,473,0.857493857,0.142506143,406,67
67,2003,291,53,344,395,0.845930233,0.154069767,334,61
67,2004,318,77,395,445,0.805063291,0.194936709,358,87
67,2005,337,85,422,453,0.798578199,0.201421801,362,91
67,2006,370,84,454,484,0.814977974,0.185022026,394,90
67,2007,394,80,474,513,0.831223629,0.168776371,426,87
67,2008,408,88,496,520,0.822580645,0.177419355,428,92
67,2009,482,94,576,601,0.836805556,0.163194444,503,98
67,2010,544,97,641,663,0.848673947,0.151326053,563,100
67,2011,542,68,610,630,0.88852459,0.11147541,560,70
67,2012,542,88,630,648,0.86031746,0.13968254,557,91
67,2013,546,90,636,655,0.858490566,0.141509434,562,93
67,2014,721,112,833,857,0.865546218,0.134453782,742,115
67,2015,702,101,803,824,0.874221669,0.125778331,720,104
67,2016,689,97,786,814,0.876590331,0.123409669,714,100
67,2017,710,98,808,829,0.878712871,0.121287129,728,101
67,2018,717,108,825,844,0.869090909,0.130909091,734,110
67,2019,782,111,893,912,0.875699888,0.124300112,799,113
67,2020,637,102,739,765,0.861975643,0.138024357,659,106
68,1991,13088,2298,15386,16820,0.850643442,0.149356558,14308,2512
68,1992,292,65,357,467,0.817927171,0.182072829,382,85
68,1993,289,77,366,476,0.789617486,0.210382514,376,100
68,1994,308,65,373,479,0.825737265,0.174262735,396,83
68,1995,299,60,359,466,0.832869081,0.167130919,388,78
68,1996,312,81,393,477,0.79389313,0.20610687,379,98
68,1997,320,65,385,460,0.831168831,0.168831169,382,78
68,1998,326,77,403,492,0.808933002,0.191066998,398,94
68,1999,373,75,448,550,0.832589286,0.167410714,458,92
68,2000,347,51,398,489,0.871859296,0.128140704,426,63
68,2001,326,60,386,458,0.844559585,0.155440415,387,71
68,2002,344,55,399,452,0.862155388,0.137844612,390,62
68,2003,305,74,379,429,0.80474934,0.19525066,345,84
68,2004,305,71,376,419,0.811170213,0.188829787,340,79
68,2005,317,71,388,406,0.817010309,0.182989691,332,74
68,2006,368,73,441,466,0.83446712,0.16553288,389,77
68,2007,393,82,475,494,0.827368421,0.172631579,409,85
68,2008,438,82,520,552,0.842307692,0.157692308,465,87
68,2009,435,85,520,544,0.836538462,0.163461538,455,89
68,2010,431,76,507,531,0.850098619,0.149901381,451,80
68,2011,580,84,664,684,0.873493976,0.126506024,597,87
68,2012,553,73,626,648,0.883386581,0.116613419,572,76
68,2013,525,82,607,626,0.86490939,0.13509061,541,85
68,2014,568,91,659,672,0.861911988,0.138088012,579,93
68,2015,761,118,879,909,0.865756542,0.134243458,787,122
68,2016,722,90,812,832,0.889162562,0.110837438,740,92
68,2017,747,95,842,858,0.887173397,0.112826603,761,97
68,2018,713,113,826,842,0.863196126,0.136803874,727,115
68,2019,731,111,842,864,0.868171021,0.131828979,750,114
68,2020,660,96,756,778,0.873015873,0.126984127,679,99
69,1991,12857,2260,15117,16643,0.850499438,0.149500562,14155,2488
69,1992,309,79,388,521,0.796391753,0.203608247,415,106
69,1993,296,63,359,469,0.824512535,0.175487465,387,82
69,1994,318,73,391,490,0.813299233,0.186700767,399,91
69,1995,305,66,371,476,0.822102426,0.177897574,391,85
69,1996,283,64,347,459,0.81556196,0.18443804,374,85
69,1997,308,74,382,480,0.806282723,0.193717277,387,93
69,1998,348,88,436,518,0.798165138,0.201834862,413,105
69,1999,324,65,389,478,0.832904884,0.167095116,398,80
69,2000,319,78,397,490,0.803526448,0.196473552,394,96
69,2001,314,61,375,464,0.837333333,0.162666667,389,75
69,2002,345,59,404,461,0.853960396,0.146039604,394,67
69,2003,291,71,362,433,0.803867403,0.196132597,348,85
69,2004,294,66,360,400,0.816666667,0.183333333,327,73
69,2005,339,75,414,445,0.81884058,0.18115942,364,81
69,2006,327,74,401,437,0.815461347,0.184538653,356,81
69,2007,412,76,488,509,0.844262295,0.155737705,430,79
69,2008,410,75,485,502,0.845360825,0.154639175,424,78
69,2009,457,69,526,548,0.868821293,0.131178707,476,72
69,2010,445,59,504,521,0.882936508,0.117063492,460,61
69,2011,470,81,551,571,0.852994555,0.147005445,487,84
69,2012,555,66,621,650,0.893719807,0.106280193,581,69
69,2013,589,76,665,681,0.885714286,0.114285714,603,78
69,2014,523,89,612,626,0.854575163,0.145424837,535,91
69,2015,603,93,696,714,0.86637931,0.13362069,619,95
69,2016,739,108,847,876,0.872491145,0.127508855,764,112
69,2017,742,106,848,868,0.875,0.125,760,108
69,2018,756,104,860,875,0.879069767,0.120930233,769,106
69,2019,766,96,862,879,0.88863109,0.11136891,781,98
69,2020,670,106,776,802,0.863402062,0.136597938,692,110
70,1991,12560,2164,14724,16251,0.853029068,0.146970932,13863,2388
70,1992,284,69,353,483,0.804532578,0.195467422,389,94
70,1993,294,61,355,476,0.828169014,0.171830986,394,82
70,1994,314,66,380,486,0.826315789,0.173684211,402,84
70,1995,322,71,393,522,0.819338422,0.180661578,428,94
70,1996,322,63,385,484,0.836363636,0.163636364,405,79
70,1997,333,56,389,484,0.856041131,0.143958869,414,70
70,1998,311,65,376,462,0.82712766,0.17287234,382,80
70,1999,366,74,440,509,0.831818182,0.168181818,423,86
70,2000,303,61,364,435,0.832417582,0.167582418,362,73
70,2001,341,65,406,468,0.839901478,0.160098522,393,75
70,2002,332,52,384,452,0.864583333,0.135416667,391,61
70,2003,292,62,354,415,0.824858757,0.175141243,342,73
70,2004,293,79,372,407,0.787634409,0.212365591,321,86
70,2005,340,64,404,438,0.841584158,0.158415842,369,69
70,2006,362,48,410,447,0.882926829,0.117073171,395,52
70,2007,371,63,434,462,0.85483871,0.14516129,395,67
70,2008,354,82,436,460,0.811926606,0.188073394,373,87
70,2009,433,70,503,522,0.86083499,0.13916501,449,73
70,2010,428,79,507,526,0.84418146,0.15581854,444,82
70,2011,425,85,510,521,0.833333333,0.166666667,434,87
70,2012,495,79,574,595,0.862369338,0.137630662,513,82
70,2013,583,83,666,691,0.875375375,0.124624625,605,86
70,2014,584,85,669,693,0.872944694,0.127055306,605,88
70,2015,591,66,657,682,0.899543379,0.100456621,613,69
70,2016,616,84,700,720,0.88,0.12,634,86
70,2017,751,127,878,901,0.855353075,0.144646925,771,130
70,2018,759,119,878,905,0.864464692,0.135535308,782,123
70,2019,738,100,838,864,0.880668258,0.119331742,761,103
70,2020,623,86,709,741,0.878702398,0.121297602,651,90
71,1991,12304,2020,14324,15842,0.858977939,0.141022061,13608,2234
71,1992,304,51,355,457,0.856338028,0.143661972,391,66
71,1993,308,79,387,502,0.795865633,0.204134367,400,102
71,1994,299,62,361,472,0.828254848,0.171745152,391,81
71,1995,330,60,390,507,0.846153846,0.153846154,429,78
71,1996,319,66,385,488,0.828571429,0.171428571,404,84
71,1997,331,61,392,499,0.844387755,0.155612245,421,78
71,1998,325,80,405,501,0.802469136,0.197530864,402,99
71,1999,356,54,410,491,0.868292683,0.131707317,426,65
71,2000,344,62,406,482,0.84729064,0.15270936,408,74
71,2001,347,56,403,498,0.861042184,0.138957816,429,69
71,2002,344,53,397,471,0.866498741,0.133501259,408,63
71,2003,319,59,378,440,0.843915344,0.156084656,371,69
71,2004,302,66,368,400,0.820652174,0.179347826,328,72
71,2005,326,58,384,419,0.848958333,0.151041667,356,63
71,2006,328,75,403,429,0.813895782,0.186104218,349,80
71,2007,337,77,414,446,0.814009662,0.185990338,363,83
71,2008,393,71,464,483,0.846982759,0.153017241,409,74
71,2009,392,65,457,486,0.857768053,0.142231947,417,69
71,2010,377,59,436,463,0.864678899,0.135321101,400,63
71,2011,425,62,487,508,0.872689938,0.127310062,443,65
71,2012,425,68,493,511,0.862068966,0.137931034,441,70
71,2013,547,64,611,620,0.895253682,0.104746318,555,65
71,2014,560,90,650,672,0.861538462,0.138461538,579,93
71,2015,572,72,644,662,0.888198758,0.111801242,588,74
71,2016,602,73,675,691,0.891851852,0.108148148,616,75
71,2017,609,81,690,705,0.882608696,0.117391304,622,83
71,2018,774,112,886,909,0.873589165,0.126410835,794,115
71,2019,775,102,877,892,0.883694413,0.116305587,788,104
71,2020,634,82,716,738,0.88547486,0.11452514,653,85
72,1991,11938,1989,13927,15503,0.857183887,0.142816113,13289,2214
72,1992,278,58,336,471,0.827380952,0.172619048,390,81
72,1993,283,84,367,485,0.771117166,0.228882834,374,111
72,1994,288,63,351,459,0.820512821,0.179487179,377,82
72,1995,320,54,374,477,0.855614973,0.144385027,408,69
72,1996,338,60,398,518,0.849246231,0.150753769,440,78
72,1997,346,77,423,533,0.817966903,0.182033097,436,97
72,1998,387,72,459,565,0.843137255,0.156862745,476,89
72,1999,381,64,445,539,0.856179775,0.143820225,461,78
72,2000,303,61,364,444,0.832417582,0.167582418,370,74
72,2001,323,57,380,479,0.85,0.15,407,72
72,2002,341,64,405,481,0.841975309,0.158024691,405,76
72,2003,302,51,353,416,0.855524079,0.144475921,356,60
72,2004,304,59,363,407,0.837465565,0.162534435,341,66
72,2005,300,71,371,400,0.808625337,0.191374663,323,77
72,2006,273,58,331,359,0.824773414,0.175226586,296,63
72,2007,309,72,381,415,0.811023622,0.188976378,337,78
72,2008,378,61,439,460,0.861047836,0.138952164,396,64
72,2009,350,66,416,434,0.841346154,0.158653846,365,69
72,2010,418,61,479,494,0.872651357,0.127348643,431,63
72,2011,432,54,486,504,0.888888889,0.111111111,448,56
72,2012,431,59,490,498,0.879591837,0.120408163,438,60
72,2013,496,54,550,561,0.901818182,0.098181818,506,55
72,2014,513,81,594,615,0.863636364,0.136363636,531,84
72,2015,594,73,667,689,0.890554723,0.109445277,614,75
72,2016,613,98,711,727,0.862165963,0.137834037,627,100
72,2017,629,62,691,711,0.910274964,0.089725036,647,64
72,2018,614,89,703,721,0.873399716,0.126600284,630,91
72,2019,771,110,881,901,0.875141884,0.124858116,789,112
72,2020,623,96,719,740,0.866481224,0.133518776,641,99
73,1991,11530,1902,13432,14940,0.858397856,0.141602144,12824,2116
73,1992,243,69,312,422,0.778846154,0.221153846,329,93
73,1993,273,43,316,451,0.863924051,0.136075949,390,61
73,1994,306,56,362,471,0.845303867,0.154696133,398,73
73,1995,315,75,390,498,0.807692308,0.192307692,402,96
73,1996,295,62,357,447,0.826330532,0.173669468,369,78
73,1997,354,68,422,524,0.838862559,0.161137441,440,84
73,1998,388,58,446,544,0.869955157,0.130044843,473,71
73,1999,358,66,424,530,0.844339623,0.155660377,448,82
73,2000,360,54,414,484,0.869565217,0.130434783,421,63
73,2001,343,48,391,489,0.877237852,0.122762148,429,60
73,2002,312,56,368,431,0.847826087,0.152173913,365,66
73,2003,292,70,362,429,0.806629834,0.193370166,346,83
73,2004,294,68,362,399,0.812154696,0.187845304,324,75
73,2005,333,67,400,439,0.8325,0.1675,365,74
73,2006,308,61,369,394,0.834688347,0.165311653,329,65
73,2007,325,55,380,406,0.855263158,0.144736842,347,59
73,2008,366,60,426,443,0.85915493,0.14084507,381,62
73,2009,364,66,430,444,0.846511628,0.153488372,376,68
73,2010,376,61,437,453,0.860411899,0.139588101,390,63
73,2011,426,57,483,503,0.881987578,0.118012422,444,59
73,2012,414,76,490,501,0.844897959,0.155102041,423,78
73,2013,461,59,520,533,0.886538462,0.113461538,473,60
73,2014,479,58,537,548,0.891992551,0.108007449,489,59
73,2015,513,78,591,619,0.868020305,0.131979695,537,82
73,2016,567,85,652,669,0.869631902,0.130368098,582,87
73,2017,540,76,616,631,0.876623377,0.123376623,553,78
73,2018,576,71,647,670,0.890262751,0.109737249,596,74
73,2019,621,95,716,732,0.867318436,0.132681564,635,97
73,2020,728,84,812,836,0.896551724,0.103448276,750,86
74,1991,10997,1776,12773,14270,0.860956706,0.139043294,12286,1984
74,1992,268,47,315,434,0.850793651,0.149206349,369,65
74,1993,261,58,319,428,0.818181818,0.181818182,350,78
74,1994,307,74,381,480,0.805774278,0.194225722,387,93
74,1995,290,55,345,448,0.84057971,0.15942029,377,71
74,1996,322,53,375,473,0.858666667,0.141333333,406,67
74,1997,332,70,402,493,0.825870647,0.174129353,407,86
74,1998,329,69,398,500,0.826633166,0.173366834,413,87
74,1999,348,67,415,508,0.838554217,0.161445783,426,82
74,2000,336,46,382,462,0.879581152,0.120418848,406,56
74,2001,315,59,374,467,0.842245989,0.157754011,393,74
74,2002,320,53,373,438,0.857908847,0.142091153,376,62
74,2003,324,62,386,435,0.839378238,0.160621762,365,70
74,2004,326,69,395,436,0.825316456,0.174683544,360,76
74,2005,333,67,400,436,0.8325,0.1675,363,73
74,2006,298,50,348,384,0.856321839,0.143678161,329,55
74,2007,315,55,370,396,0.851351351,0.148648649,337,59
74,2008,320,45,365,392,0.876712329,0.123287671,344,48
74,2009,359,49,408,437,0.879901961,0.120098039,385,52
74,2010,351,47,398,429,0.881909548,0.118090452,378,51
74,2011,390,62,452,470,0.862831858,0.137168142,406,64
74,2012,443,61,504,521,0.878968254,0.121031746,458,63
74,2013,397,59,456,471,0.870614035,0.129385965,410,61
74,2014,422,69,491,508,0.859470468,0.140529532,437,71
74,2015,465,60,525,542,0.885714286,0.114285714,480,62
74,2016,478,68,546,559,0.875457875,0.124542125,489,70
74,2017,603,80,683,702,0.882869693,0.117130307,620,82
74,2018,609,79,688,708,0.885174419,0.114825581,627,81
74,2019,628,66,694,709,0.904899135,0.095100865,642,67
74,2020,508,77,585,604,0.868376068,0.131623932,524,80
75,1991,10405,1683,12088,13604,0.860771013,0.139228987,11710,1894
75,1992,268,35,303,407,0.884488449,0.115511551,360,47
75,1993,255,57,312,415,0.817307692,0.182692308,339,76
75,1994,239,42,281,400,0.850533808,0.149466192,340,60
75,1995,312,48,360,464,0.866666667,0.133333333,402,62
75,1996,340,68,408,514,0.833333333,0.166666667,428,86
75,1997,345,56,401,512,0.860349127,0.139650873,440,72
75,1998,349,60,409,505,0.853300733,0.146699267,431,74
75,1999,364,69,433,525,0.840646651,0.159353349,441,84
75,2000,325,50,375,465,0.866666667,0.133333333,403,62
75,2001,322,61,383,476,0.84073107,0.15926893,400,76
75,2002,365,46,411,498,0.888077859,0.111922141,442,56
75,2003,299,46,345,415,0.866666667,0.133333333,360,55
75,2004,286,51,337,378,0.848664688,0.151335312,321,57
75,2005,329,66,395,429,0.832911392,0.167088608,357,72
75,2006,313,43,356,393,0.879213483,0.120786517,346,47
75,2007,287,67,354,377,0.810734463,0.189265537,306,71
75,2008,342,66,408,429,0.838235294,0.161764706,360,69
75,2009,356,44,400,413,0.89,0.11,368,45
75,2010,345,59,404,424,0.853960396,0.146039604,362,62
75,2011,373,61,434,446,0.859447005,0.140552995,383,63
75,2012,397,57,454,469,0.874449339,0.125550661,410,59
75,2013,458,66,524,539,0.874045802,0.125954198,471,68
75,2014,382,63,445,463,0.858426966,0.141573034,397,66
75,2015,411,58,469,479,0.876332623,0.123667377,420,59
75,2016,444,46,490,502,0.906122449,0.093877551,455,47
75,2017,459,66,525,535,0.874285714,0.125714286,468,67
75,2018,486,73,559,581,0.86940966,0.13059034,505,76
75,2019,520,85,605,623,0.859504132,0.140495868,535,88
75,2020,434,74,508,528,0.854330709,0.145669291,451,77
76,1991,10095,1655,11750,13158,0.859148936,0.140851064,11305,1853
76,1992,258,61,319,436,0.808777429,0.191222571,353,83
76,1993,255,53,308,398,0.827922078,0.172077922,330,68
76,1994,236,51,287,408,0.822299652,0.177700348,335,73
76,1995,264,51,315,404,0.838095238,0.161904762,339,65
76,1996,326,58,384,475,0.848958333,0.151041667,403,72
76,1997,364,64,428,527,0.85046729,0.14953271,448,79
76,1998,345,61,406,493,0.849753695,0.150246305,419,74
76,1999,356,56,412,510,0.86407767,0.13592233,441,69
76,2000,343,52,395,468,0.86835443,0.13164557,406,62
76,2001,340,52,392,481,0.867346939,0.132653061,417,64
76,2002,342,43,385,442,0.888311688,0.111688312,393,49
76,2003,302,58,360,438,0.838888889,0.161111111,367,71
76,2004,298,59,357,398,0.834733894,0.165266106,332,66
76,2005,307,56,363,382,0.845730028,0.154269972,323,59
76,2006,301,72,373,402,0.806970509,0.193029491,324,78
76,2007,313,58,371,391,0.843665768,0.156334232,330,61
76,2008,351,62,413,432,0.849878935,0.150121065,367,65
76,2009,317,48,365,388,0.868493151,0.131506849,337,51
76,2010,340,51,391,408,0.869565217,0.130434783,355,53
76,2011,351,57,408,424,0.860294118,0.139705882,365,59
76,2012,380,57,437,443,0.869565217,0.130434783,385,58
76,2013,353,51,404,423,0.873762376,0.126237624,370,53
76,2014,374,47,421,435,0.888361045,0.111638955,386,49
76,2015,377,49,426,440,0.884976526,0.115023474,389,51
76,2016,410,63,473,495,0.866807611,0.133192389,429,66
76,2017,408,57,465,479,0.877419355,0.122580645,420,59
76,2018,460,76,536,549,0.858208955,0.141791045,471,78
76,2019,539,71,610,624,0.883606557,0.116393443,551,73
76,2020,485,61,546,565,0.888278388,0.111721612,502,63
77,1991,9539,1502,11041,12540,0.863961598,0.136038402,10834,1706
77,1992,223,46,269,365,0.828996283,0.171003717,303,62
77,1993,251,47,298,393,0.842281879,0.157718121,331,62
77,1994,247,49,296,403,0.834459459,0.165540541,336,67
77,1995,275,54,329,431,0.835866261,0.164133739,360,71
77,1996,260,51,311,411,0.836012862,0.163987138,344,67
77,1997,291,50,341,452,0.853372434,0.146627566,386,66
77,1998,313,43,356,463,0.879213483,0.120786517,407,56
77,1999,352,50,402,484,0.875621891,0.124378109,424,60
77,2000,332,46,378,483,0.878306878,0.121693122,424,59
77,2001,331,56,387,471,0.855297158,0.144702842,403,68
77,2002,325,64,389,463,0.835475578,0.164524422,387,76
77,2003,287,47,334,396,0.859281437,0.140718563,340,56
77,2004,342,68,410,463,0.834146341,0.165853659,386,77
77,2005,338,46,384,417,0.880208333,0.119791667,367,50
77,2006,300,65,365,393,0.821917808,0.178082192,323,70
77,2007,299,44,343,379,0.871720117,0.128279883,330,49
77,2008,293,46,339,357,0.864306785,0.135693215,309,48
77,2009,334,45,379,402,0.881266491,0.118733509,354,48
77,2010,306,55,361,380,0.847645429,0.152354571,322,58
77,2011,324,51,375,395,0.864,0.136,341,54
77,2012,352,55,407,425,0.864864865,0.135135135,368,57
77,2013,377,44,421,438,0.895486936,0.104513064,392,46
77,2014,383,53,436,448,0.878440367,0.121559633,394,54
77,2015,338,59,397,411,0.85138539,0.14861461,350,61
77,2016,409,47,456,473,0.896929825,0.103070175,424,49
77,2017,395,57,452,467,0.873893805,0.126106195,408,59
77,2018,365,56,421,438,0.866983373,0.133016627,380,58
77,2019,446,47,493,505,0.904665314,0.095334686,457,48
77,2020,451,61,512,534,0.880859375,0.119140625,470,64
78,1991,8857,1420,10277,11705,0.861827382,0.138172618,10088,1617
78,1992,253,37,290,405,0.872413793,0.127586207,353,52
78,1993,196,42,238,330,0.823529412,0.176470588,272,58
78,1994,228,31,259,345,0.88030888,0.11969112,304,41
78,1995,223,42,265,355,0.841509434,0.158490566,299,56
78,1996,255,55,310,413,0.822580645,0.177419355,340,73
78,1997,268,50,318,402,0.842767296,0.157232704,339,63
78,1998,296,59,355,459,0.833802817,0.166197183,383,76
78,1999,325,46,371,453,0.876010782,0.123989218,397,56
78,2000,295,65,360,453,0.819444444,0.180555556,371,82
78,2001,302,59,361,441,0.836565097,0.163434903,369,72
78,2002,317,47,364,433,0.870879121,0.129120879,377,56
78,2003,305,49,354,429,0.861581921,0.138418079,370,59
78,2004,305,70,375,419,0.813333333,0.186666667,341,78
78,2005,297,48,345,389,0.860869565,0.139130435,335,54
78,2006,281,51,332,359,0.846385542,0.153614458,304,55
78,2007,308,47,355,390,0.867605634,0.132394366,338,52
78,2008,323,53,376,401,0.859042553,0.140957447,344,57
78,2009,303,55,358,380,0.846368715,0.153631285,322,58
78,2010,285,39,324,343,0.87962963,0.12037037,302,41
78,2011,284,53,337,348,0.84272997,0.15727003,293,55
78,2012,328,63,391,408,0.83887468,0.16112532,342,66
78,2013,369,33,402,415,0.917910448,0.082089552,381,34
78,2014,342,39,381,392,0.897637795,0.102362205,352,40
78,2015,292,38,330,345,0.884848485,0.115151515,305,40
78,2016,371,51,422,443,0.879146919,0.120853081,389,54
78,2017,363,46,409,422,0.887530562,0.112469438,375,47
78,2018,386,47,433,446,0.891454965,0.108545035,398,48
78,2019,378,54,432,443,0.875,0.125,388,55
78,2020,379,51,430,444,0.881395349,0.118604651,391,53
79,1991,8605,1449,10054,11427,0.855878257,0.144121743,9780,1647
79,1992,222,41,263,361,0.844106464,0.155893536,305,56
79,1993,219,44,263,363,0.83269962,0.16730038,302,61
79,1994,227,33,260,334,0.873076923,0.126923077,292,42
79,1995,241,43,284,369,0.848591549,0.151408451,313,56
79,1996,212,48,260,343,0.815384615,0.184615385,280,63
79,1997,256,47,303,400,0.844884488,0.155115512,338,62
79,1998,259,45,304,386,0.851973684,0.148026316,329,57
79,1999,293,45,338,424,0.866863905,0.133136095,368,56
79,2000,303,47,350,426,0.865714286,0.134285714,369,57
79,2001,311,54,365,461,0.852054795,0.147945205,393,68
79,2002,283,51,334,407,0.847305389,0.152694611,345,62
79,2003,298,37,335,414,0.889552239,0.110447761,368,46
79,2004,294,40,334,378,0.880239521,0.119760479,333,45
79,2005,306,68,374,411,0.818181818,0.181818182,336,75
79,2006,258,62,320,347,0.80625,0.19375,280,67
79,2007,288,55,343,360,0.839650146,0.160349854,302,58
79,2008,291,50,341,369,0.853372434,0.146627566,315,54
79,2009,329,66,395,406,0.832911392,0.167088608,338,68
79,2010,326,53,379,394,0.860158311,0.139841689,339,55
79,2011,347,46,393,401,0.882951654,0.117048346,354,47
79,2012,300,43,343,366,0.874635569,0.125364431,320,46
79,2013,306,47,353,374,0.866855524,0.133144476,324,50
79,2014,372,41,413,435,0.900726392,0.099273608,392,43
79,2015,332,62,394,409,0.842639594,0.157360406,345,64
79,2016,309,59,368,383,0.839673913,0.160326087,322,61
79,2017,376,67,443,455,0.848758465,0.151241535,386,69
79,2018,356,49,405,423,0.879012346,0.120987654,372,51
79,2019,362,49,411,430,0.880778589,0.119221411,379,51
79,2020,329,57,386,398,0.852331606,0.147668394,339,59
80,1991,7688,1203,8891,10233,0.864694635,0.135305365,8848,1385
80,1992,168,36,204,299,0.823529412,0.176470588,246,53
80,1993,187,38,225,294,0.831111111,0.168888889,244,50
80,1994,195,40,235,317,0.829787234,0.170212766,263,54
80,1995,213,39,252,356,0.845238095,0.154761905,301,55
80,1996,204,42,246,341,0.829268293,0.170731707,283,58
80,1997,220,36,256,339,0.859375,0.140625,291,48
80,1998,267,43,310,380,0.861290323,0.138709677,327,53
80,1999,250,39,289,358,0.865051903,0.134948097,310,48
80,2000,255,35,290,363,0.879310345,0.120689655,319,44
80,2001,256,34,290,365,0.882758621,0.117241379,322,43
80,2002,266,39,305,379,0.872131148,0.127868852,331,48
80,2003,251,45,296,357,0.847972973,0.152027027,303,54
80,2004,262,51,313,359,0.837060703,0.162939297,301,58
80,2005,267,64,331,362,0.806646526,0.193353474,292,70
80,2006,291,37,328,357,0.887195122,0.112804878,317,40
80,2007,283,48,331,367,0.854984894,0.145015106,314,53
80,2008,261,53,314,339,0.831210191,0.168789809,282,57
80,2009,276,40,316,342,0.873417722,0.126582278,299,43
80,2010,294,47,341,363,0.862170088,0.137829912,313,50
80,2011,289,45,334,352,0.865269461,0.134730539,305,47
80,2012,297,31,328,346,0.905487805,0.094512195,313,33
80,2013,296,34,330,352,0.896969697,0.103030303,316,36
80,2014,261,40,301,313,0.867109635,0.132890365,271,42
80,2015,290,37,327,347,0.886850153,0.113149847,308,39
80,2016,286,47,333,351,0.858858859,0.141141141,301,50
80,2017,324,34,358,372,0.905027933,0.094972067,337,35
80,2018,317,39,356,372,0.890449438,0.109550562,331,41
80,2019,315,51,366,388,0.860655738,0.139344262,334,54
80,2020,347,39,386,403,0.898963731,0.101036269,362,41
81,1991,7311,1169,8480,9706,0.862146226,0.137853774,8368,1338
81,1992,187,14,201,287,0.930348259,0.069651741,267,20
81,1993,191,44,235,331,0.812765957,0.187234043,269,62
81,1994,191,36,227,308,0.841409692,0.158590308,259,49
81,1995,198,37,235,318,0.842553191,0.157446809,268,50
81,1996,195,38,233,304,0.836909871,0.163090129,254,50
81,1997,217,37,254,328,0.854330709,0.145669291,280,48
81,1998,202,30,232,300,0.870689655,0.129310345,261,39
81,1999,239,37,276,335,0.865942029,0.134057971,290,45
81,2000,211,33,244,325,0.864754098,0.135245902,281,44
81,2001,264,41,305,366,0.86557377,0.13442623,317,49
81,2002,234,39,273,337,0.857142857,0.142857143,289,48
81,2003,266,47,313,362,0.849840256,0.150159744,308,54
81,2004,245,43,288,329,0.850694444,0.149305556,280,49
81,2005,305,49,354,393,0.861581921,0.138418079,339,54
81,2006,247,62,309,336,0.799352751,0.200647249,269,67
81,2007,289,40,329,363,0.878419453,0.121580547,319,44
81,2008,268,28,296,322,0.905405405,0.094594595,292,30
81,2009,295,46,341,357,0.865102639,0.134897361,309,48
81,2010,263,37,300,325,0.876666667,0.123333333,285,40
81,2011,261,40,301,311,0.867109635,0.132890365,270,41
81,2012,290,39,329,340,0.881458967,0.118541033,300,40
81,2013,263,33,296,309,0.888513514,0.111486486,275,34
81,2014,272,34,306,319,0.888888889,0.111111111,284,35
81,2015,274,46,320,339,0.85625,0.14375,290,49
81,2016,285,40,325,342,0.876923077,0.123076923,300,42
81,2017,254,38,292,308,0.869863014,0.130136986,268,40
81,2018,314,51,365,379,0.860273973,0.139726027,326,53
81,2019,291,51,342,360,0.850877193,0.149122807,306,54
81,2020,300,59,359,373,0.835654596,0.164345404,312,61
82,1991,6657,1049,7706,8955,0.863872307,0.136127693,7736,1219
82,1992,156,31,187,287,0.834224599,0.165775401,239,48
82,1993,166,28,194,275,0.855670103,0.144329897,235,40
82,1994,159,28,187,259,0.85026738,0.14973262,220,39
82,1995,166,20,186,265,0.892473118,0.107526882,237,28
82,1996,180,28,208,280,0.865384615,0.134615385,242,38
82,1997,209,39,248,319,0.842741935,0.157258065,269,50
82,1998,200,42,242,328,0.826446281,0.173553719,271,57
82,1999,205,32,237,295,0.864978903,0.135021097,255,40
82,2000,205,40,245,310,0.836734694,0.163265306,259,51
82,2001,225,36,261,322,0.862068966,0.137931034,278,44
82,2002,205,32,237,310,0.864978903,0.135021097,268,42
82,2003,235,26,261,313,0.900383142,0.099616858,282,31
82,2004,271,37,308,357,0.87987013,0.12012987,314,43
82,2005,265,39,304,356,0.871710526,0.128289474,310,46
82,2006,254,41,295,334,0.861016949,0.138983051,288,46
82,2007,245,42,287,323,0.853658537,0.146341463,276,47
82,2008,243,37,280,309,0.867857143,0.132142857,268,41
82,2009,261,37,298,315,0.875838926,0.124161074,276,39
82,2010,249,40,289,312,0.861591696,0.138408304,269,43
82,2011,259,41,300,319,0.863333333,0.136666667,275,44
82,2012,285,49,334,345,0.853293413,0.146706587,294,51
82,2013,227,37,264,280,0.859848485,0.140151515,241,39
82,2014,254,30,284,299,0.894366197,0.105633803,267,32
82,2015,241,43,284,304,0.848591549,0.151408451,258,46
82,2016,241,41,282,290,0.854609929,0.145390071,248,42
82,2017,259,37,296,308,0.875,0.125,270,38
82,2018,253,45,298,312,0.848993289,0.151006711,265,47
82,2019,273,32,305,310,0.895081967,0.104918033,277,33
82,2020,266,39,305,319,0.872131148,0.127868852,278,41
83,1991,6044,980,7024,8251,0.86047836,0.13952164,7100,1151
83,1992,114,27,141,218,0.808510638,0.191489362,176,42
83,1993,146,21,167,252,0.874251497,0.125748503,220,32
83,1994,148,25,173,235,0.855491329,0.144508671,201,34
83,1995,160,29,189,275,0.846560847,0.153439153,233,42
83,1996,152,29,181,260,0.839779006,0.160220994,218,42
83,1997,197,36,233,302,0.845493562,0.154506438,255,47
83,1998,178,31,209,285,0.851674641,0.148325359,243,42
83,1999,187,28,215,276,0.869767442,0.130232558,240,36
83,2000,198,38,236,293,0.838983051,0.161016949,246,47
83,2001,208,24,232,305,0.896551724,0.103448276,273,32
83,2002,220,41,261,326,0.842911877,0.157088123,275,51
83,2003,194,26,220,271,0.881818182,0.118181818,239,32
83,2004,214,27,241,278,0.887966805,0.112033195,247,31
83,2005,205,48,253,291,0.81027668,0.18972332,236,55
83,2006,191,44,235,268,0.812765957,0.187234043,218,50
83,2007,241,47,288,319,0.836805556,0.163194444,267,52
83,2008,251,47,298,327,0.842281879,0.157718121,275,52
83,2009,252,29,281,303,0.896797153,0.103202847,272,31
83,2010,240,29,269,291,0.892193309,0.107806691,260,31
83,2011,240,42,282,306,0.85106383,0.14893617,260,46
83,2012,221,36,257,270,0.859922179,0.140077821,232,38
83,2013,256,34,290,309,0.882758621,0.117241379,273,36
83,2014,200,31,231,248,0.865800866,0.134199134,215,33
83,2015,230,29,259,282,0.888030888,0.111969112,250,32
83,2016,224,38,262,280,0.854961832,0.145038168,239,41
83,2017,223,29,252,265,0.884920635,0.115079365,235,30
83,2018,240,40,280,306,0.857142857,0.142857143,262,44
83,2019,281,37,318,330,0.883647799,0.116352201,292,38
83,2020,233,38,271,280,0.859778598,0.140221402,241,39
84,1991,5483,884,6367,7462,0.861159102,0.138840898,6426,1036
84,1992,128,18,146,223,0.876712329,0.123287671,196,27
84,1993,138,30,168,227,0.821428571,0.178571429,186,41
84,1994,135,23,158,241,0.85443038,0.14556962,206,35
84,1995,157,28,185,260,0.848648649,0.151351351,221,39
84,1996,144,28,172,238,0.837209302,0.162790698,199,39
84,1997,162,32,194,254,0.835051546,0.164948454,212,42
84,1998,172,25,197,261,0.873096447,0.126903553,228,33
84,1999,169,30,199,253,0.849246231,0.150753769,215,38
84,2000,149,32,181,239,0.82320442,0.17679558,197,42
84,2001,154,34,188,248,0.819148936,0.180851064,203,45
84,2002,175,34,209,250,0.837320574,0.162679426,209,41
84,2003,135,35,170,214,0.794117647,0.205882353,170,44
84,2004,183,23,206,248,0.888349515,0.111650485,220,28
84,2005,210,28,238,268,0.882352941,0.117647059,236,32
84,2006,207,37,244,275,0.848360656,0.151639344,233,42
84,2007,219,35,254,286,0.862204724,0.137795276,247,39
84,2008,229,38,267,292,0.857677903,0.142322097,250,42
84,2009,220,30,250,269,0.88,0.12,237,32
84,2010,221,34,255,281,0.866666667,0.133333333,244,37
84,2011,219,27,246,253,0.890243902,0.109756098,225,28
84,2012,210,39,249,268,0.843373494,0.156626506,226,42
84,2013,198,30,228,245,0.868421053,0.131578947,213,32
84,2014,213,22,235,255,0.906382979,0.093617021,231,24
84,2015,237,29,266,288,0.890977444,0.109022556,257,31
84,2016,204,26,230,243,0.886956522,0.113043478,216,27
84,2017,241,36,277,293,0.870036101,0.129963899,255,38
84,2018,250,36,286,301,0.874125874,0.125874126,263,38
84,2019,219,34,253,261,0.865612648,0.134387352,226,35
84,2020,185,31,216,228,0.856481481,0.143518519,195,33
85,1991,0,0,0,0,NA,NA,NA,NA
85,1992,0,0,0,0,NA,NA,NA,NA
85,1993,0,0,0,0,NA,NA,NA,NA
85,1994,0,0,0,0,NA,NA,NA,NA
85,1995,0,0,0,0,NA,NA,NA,NA
85,1996,0,0,0,0,NA,NA,NA,NA
85,1997,0,0,0,0,NA,NA,NA,NA
85,1998,0,0,0,0,NA,NA,NA,NA
85,1999,0,0,0,0,NA,NA,NA,NA
85,2000,0,0,0,0,NA,NA,NA,NA
85,2001,0,0,0,0,NA,NA,NA,NA
85,2002,0,0,0,0,NA,NA,NA,NA
85,2003,0,0,0,0,NA,NA,NA,NA
85,2004,0,0,0,0,NA,NA,NA,NA
85,2005,0,0,0,0,NA,NA,NA,NA
85,2006,0,0,0,0,NA,NA,NA,NA
85,2007,0,0,0,0,NA,NA,NA,NA
85,2008,0,0,0,0,NA,NA,NA,NA
85,2009,0,0,0,0,NA,NA,NA,NA
85,2010,0,0,0,0,NA,NA,NA,NA
85,2011,0,0,0,0,NA,NA,NA,NA
85,2012,0,0,0,0,NA,NA,NA,NA
85,2013,0,0,0,0,NA,NA,NA,NA
85,2014,0,0,0,0,NA,NA,NA,NA
85,2015,0,0,0,0,NA,NA,NA,NA
85,2016,0,0,0,0,NA,NA,NA,NA
85,2017,0,0,0,0,NA,NA,NA,NA
85,2018,0,0,0,0,NA,NA,NA,NA
85,2019,0,0,0,0,NA,NA,NA,NA
85,2020,0,0,0,0,NA,NA,NA,NA
86,1991,0,0,0,0,NA,NA,NA,NA
86,1992,0,0,0,0,NA,NA,NA,NA
86,1993,0,0,0,0,NA,NA,NA,NA
86,1994,0,0,0,0,NA,NA,NA,NA
86,1995,0,0,0,0,NA,NA,NA,NA
86,1996,0,0,0,0,NA,NA,NA,NA
86,1997,0,0,0,0,NA,NA,NA,NA
86,1998,0,0,0,0,NA,NA,NA,NA
86,1999,0,0,0,0,NA,NA,NA,NA
86,2000,0,0,0,0,NA,NA,NA,NA
86,2001,0,0,0,0,NA,NA,NA,NA
86,2002,0,0,0,0,NA,NA,NA,NA
86,2003,0,0,0,0,NA,NA,NA,NA
86,2004,0,0,0,0,NA,NA,NA,NA
86,2005,0,0,0,0,NA,NA,NA,NA
86,2006,0,0,0,0,NA,NA,NA,NA
86,2007,0,0,0,0,NA,NA,NA,NA
86,2008,0,0,0,0,NA,NA,NA,NA
86,2009,0,0,0,0,NA,NA,NA,NA
86,2010,0,0,0,0,NA,NA,NA,NA
86,2011,0,0,0,0,NA,NA,NA,NA
86,2012,0,0,0,0,NA,NA,NA,NA
86,2013,0,0,0,0,NA,NA,NA,NA
86,2014,0,0,0,0,NA,NA,NA,NA
86,2015,0,0,0,0,NA,NA,NA,NA
86,2016,0,0,0,0,NA,NA,NA,NA
86,2017,0,0,0,0,NA,NA,NA,NA
86,2018,0,0,0,0,NA,NA,NA,NA
86,2019,0,0,0,0,NA,NA,NA,NA
86,2020,0,0,0,0,NA,NA,NA,NA
